2.6629419326782227
4.334480047225952
6.210810899734497
7.903503894805908
9.573797941207886
11.34464693069458
13.111828088760376
14.848425149917603
16.505241870880127
18.24149513244629
20.938475131988525
22.787158012390137
24.47642493247986
26.157680988311768
27.914196014404297
29.555450916290283
31.263504028320312
32.97265386581421
34.65315008163452
36.31289196014404
38.01100707054138
39.713528871536255
41.44336223602295
43.56617879867554
46.41568112373352
48.17233204841614
49.89993619918823
51.56845021247864
53.23870491981506
54.9024441242218
56.793500900268555
58.990315198898315
60.726511001586914
62.456156969070435
64.42325687408447
66.78027606010437
68.43806195259094
70.14431691169739
71.84649515151978
73.51268601417542
75.17498707771301
76.84323787689209
78.77656722068787
80.64946389198303
82.39414405822754
84.0287492275238
86.14848804473877
87.96259307861328
